Scores:
20.0, 17.0, 11.0, 14.0, 16.0, 8.0, 20.0, 19.0, 11.0, 17.0, 13.0, 10.0, 15.0, 15.0, 13.0, 22.0, 11.0, 13.0, 16.0, 20.0, 14.0, 24.0, 15.0, 13.0, 25.0, 12.0, 12.0, 17.0, 17.0, 12.0, 24.0, 11.0, 11.0, 6.0, 0.0, 4.0, 0.0, 6.0, 0.0, 9.0, 0.0, 9.0, 0.0, 7.0, 2.0, 5.0, 0.0, 7.0, 0.0, 8.0, 0.0, 8.0, 0.0, 13.0, 21.0, 23.0, 15.0, 25.0, 15.0, 16.0, 18.0, 22.0, 17.0, 16.0, 15.0, 22.0, 16.0, 21.0, 17.0, 22.0, 19.0, 19.0, 23.0, 23.0, 13.0, 11.0, 5.0, 11.0, 7.0, 14.0, 11.0, 13.0, 8.0, 13.0, 5.0, 15.0, 7.0, 10.0, 6.0, 12.0, 3.0, 13.0, 3.0, 14.0, 7.0, 14.0, 8.0, 0.0, 17.0, 18.0

Scores Statistics:
-------------------
Average: 12.35
Minimum: 0.0
Maximum: 25.0
Standard Deviation: 6.75
Median: 13.00
Number of Successful Scores: 100
Total Runtime: 1271.33 seconds
Average Time per Game: 12.71 seconds
Total Attempts: 149